Denomination_ID,DENOM_001,DENOM_031,DENOM_032,DENOM_068,DENOM_064,DENOM_047,DENOM_052,DENOM_124,DENOM_102,DENOM_087,DENOM_114,DENOM_109,DENOM_121,DENOM_131,DENOM_144,DENOM_148,DENOM_153,DENOM_167,DENOM_176,DENOM_195,DENOM_180,DENOM_184,DENOM_190,DENOM_187,DENOM_120,DENOM_229,DENOM_157,DENOM_221,DENOM_013,DENOM_230
DENOM_001,99.261,71.181,69.715,64.735,68.931,65.562,67.004,72.455,66.152,71.364,67.157,66.664,71.64,67.874,66.219,59.375,60.616,66.311,69.737,58.253,63.134,59.373,47.156,56.817,47.101,54.564,59.785,49.14,65.985,70.415
DENOM_031,71.181,98.878,85.357,83.553,87.468,84.285,85.055,92.619,64.815,66.917,59.775,64.603,70.394,52.47,55.709,50.244,57.073,51.809,61.78,50.475,54.084,43.727,40.286,42.178,39.092,46,52.649,37.335,56.122,53.489
DENOM_032,69.715,85.357,99.778,86.132,87.978,85.629,95.62,90.681,55.346,57.026,53.233,59.031,66.582,48.469,49.508,39.844,59.399,47.422,54.78,40.712,46.274,48.517,38.972,42.945,40.604,47.46,49.856,38.65,49.932,48.399
DENOM_068,64.735,83.553,86.132,99.137,95.639,85.701,84.978,86.189,51.203,54.275,46.048,53.576,60.782,46.735,42.972,36.128,56.399,41.819,52.135,38.002,43.079,44.906,37.495,44.421,37.782,46.338,46.079,35.889,50.655,41.952
DENOM_064,68.931,87.468,87.978,95.639,99.715,85.171,87.327,88.07,55.538,56.876,50.737,57.417,63.946,47.172,47.481,39.282,54.606,44.919,54.907,41.04,46.114,47.404,41.469,43.925,37.996,44.91,47.377,36.356,51.445,45.704
DENOM_047,65.562,84.285,85.629,85.701,85.171,98.887,83.055,87.838,53.244,57.723,51.962,62.276,68.008,57.825,48.707,38.942,71.849,49.559,55.059,38.858,44.11,49.576,36.992,46.993,54.377,65.494,56.373,51.789,51.569,49.201
DENOM_052,67.004,85.055,95.62,84.978,87.327,83.055,100,89.663,58.57,58.54,54.535,56.696,64.289,48.578,51.006,43.762,56.058,47.867,53.643,43.899,48.133,44.328,38.822,45.635,37.858,45.7,46.576,35.174,49.251,48.677
DENOM_124,72.455,92.619,90.681,86.189,88.07,87.838,89.663,99.429,62.735,65.39,59.51,68.378,72.862,54.577,54.336,47.353,61.585,53.36,59.981,47.831,53.491,50.903,44.885,48.315,43.499,50.891,55.952,42.352,54.98,53.693
DENOM_102,66.152,64.815,55.346,51.203,55.538,53.244,58.57,62.735,99.801,74.076,89.344,79.126,77,62.201,70.605,68.412,68.746,66.634,57.46,58.601,69.031,43.885,42.112,51.585,37.831,43.441,63.119,36.712,56.481,68.652
DENOM_087,71.364,66.917,57.026,54.275,56.876,57.723,58.54,65.39,74.076,100,77.355,79.603,74.408,75.822,75.929,80.728,65.804,72.362,62.579,62.957,74.273,46.878,55.873,56.733,42.789,49.513,70.386,46.563,63.864,75.791
DENOM_114,67.157,59.775,53.233,46.048,50.737,51.962,54.535,59.51,89.344,77.355,99.882,82.71,80.163,66.007,76.274,73.357,69.973,68.746,55.31,58.513,70.87,48.501,46.28,53.244,40.678,48.891,64.579,41.358,56.036,72.774
DENOM_109,66.664,64.603,59.031,53.576,57.417,62.276,56.696,68.378,79.126,79.603,82.71,100,80.877,73.25,70.344,69.299,80.99,73.044,59.89,54.982,70.592,53.744,50.969,59.423,51.433,62.39,76.24,51.488,59.311,71.992
DENOM_121,71.64,70.394,66.582,60.782,63.946,68.008,64.289,72.862,77,74.408,80.163,80.877,99.579,66.662,71.847,61.149,81.134,66.428,61.339,55.254,61.021,53.773,43.231,54.923,48.171,59.36,70.534,47.392,57.289,66.884
DENOM_131,67.874,52.47,48.469,46.735,47.172,57.825,48.578,54.577,62.201,75.822,66.007,73.25,66.662,97.333,85.669,79.894,72.087,82.923,62.766,54.309,71.379,56.427,58.153,78.473,58.257,67.229,80.132,64.495,62.134,85.956
DENOM_144,66.219,55.709,49.508,42.972,47.481,48.707,51.006,54.336,70.605,75.929,76.274,70.344,71.847,85.669,99.812,88.717,66.53,88.363,63.606,59.756,75.885,54.577,52.327,72.57,48.586,55.974,78.137,53.143,61.209,94.594
DENOM_148,59.375,50.244,39.844,36.128,39.282,38.942,43.762,47.353,68.412,80.728,73.357,69.299,61.149,79.894,88.717,99.985,57.118,83.152,58.216,63.76,74.592,43.181,55.727,65.972,40.976,45.945,68.925,45.231,62.431,88.251
DENOM_153,60.616,57.073,59.399,56.399,54.606,71.849,56.058,61.585,68.746,65.804,69.973,80.99,81.134,72.087,66.53,57.118,99.795,69.793,53.485,42.671,55.684,51.893,41.146,61.044,63.554,76.673,77.309,59.127,55.642,69.71
DENOM_167,66.311,51.809,47.422,41.819,44.919,49.559,47.867,53.36,66.634,72.362,68.746,73.044,66.428,82.923,88.363,83.152,69.793,99.969,67.026,54.604,72.021,52.343,49.77,73.27,50.812,55.912,83.123,53.779,62.303,92.993
DENOM_176,69.737,61.78,54.78,52.135,54.907,55.059,53.643,59.981,57.46,62.579,55.31,59.89,61.339,62.766,63.606,58.216,53.485,67.026,100,69.959,63.813,67.78,58.14,56.486,47.388,52.418,56.068,48.754,68.805,65.444
DENOM_195,58.253,50.475,40.712,38.002,41.04,38.858,43.899,47.831,58.601,62.957,58.513,54.982,55.254,54.309,59.756,63.76,42.671,54.604,69.959,100,72.054,60.73,74.835,51.263,36.965,42.623,45.062,38.176,64.281,59.248
DENOM_180,63.134,54.084,46.274,43.079,46.114,44.11,48.133,53.491,69.031,74.273,70.87,70.592,61.021,71.379,75.885,74.592,55.684,72.021,63.813,72.054,100,59.789,56.716,57.223,42.445,47.561,64.87,46.181,62.696,77.502
DENOM_184,59.373,43.727,48.517,44.906,47.404,49.576,44.328,50.903,43.885,46.878,48.501,53.744,53.773,56.427,54.577,43.181,51.893,52.343,67.78,60.73,59.789,99.71,62.799,52.14,45.889,56.181,50.017,51.083,57.797,57.051
DENOM_190,47.156,40.286,38.972,37.495,41.469,36.992,38.822,44.885,42.112,55.873,46.28,50.969,43.231,58.153,52.327,55.727,41.146,49.77,58.14,74.835,56.716,62.799,100,65.212,37.562,42.965,44.282,43.025,61.598,55.599
DENOM_187,56.817,42.178,42.945,44.421,43.925,46.993,45.635,48.315,51.585,56.733,53.244,59.423,54.923,78.473,72.57,65.972,61.044,73.27,56.486,51.263,57.223,52.14,65.212,100,47.811,54.596,66.329,50.885,53.699,76.325
DENOM_120,47.101,39.092,40.604,37.782,37.996,54.377,37.858,43.499,37.831,42.789,40.678,51.433,48.171,58.257,48.586,40.976,63.554,50.812,47.388,36.965,42.445,45.889,37.562,47.811,100,87.108,56.592,77.815,47.008,51.103
DENOM_229,54.564,46,47.46,46.338,44.91,65.494,45.7,50.891,43.441,49.513,48.891,62.39,59.36,67.229,55.974,45.945,76.673,55.912,52.418,42.623,47.561,56.181,42.965,54.596,87.108,99.7,62.19,82.698,53.312,56.911
DENOM_157,59.785,52.649,49.856,46.079,47.377,56.373,46.576,55.952,63.119,70.386,64.579,76.24,70.534,80.132,78.137,68.925,77.309,83.123,56.068,45.062,64.87,50.017,44.282,66.329,56.592,62.19,99.282,61.743,58.35,83.179
DENOM_221,49.14,37.335,38.65,35.889,36.356,51.789,35.174,42.352,36.712,46.563,41.358,51.488,47.392,64.495,53.143,45.231,59.127,53.779,48.754,38.176,46.181,51.083,43.025,50.885,77.815,82.698,61.743,99.792,48.331,55.008
DENOM_013,65.985,56.122,49.932,50.655,51.445,51.569,49.251,54.98,56.481,63.864,56.036,59.311,57.289,62.134,61.209,62.431,55.642,62.303,68.805,64.281,62.696,57.797,61.598,53.699,47.008,53.312,58.35,48.331,100,62.5
DENOM_230,70.415,53.489,48.399,41.952,45.704,49.201,48.677,53.693,68.652,75.791,72.774,71.992,66.884,85.956,94.594,88.251,69.71,92.993,65.444,59.248,77.502,57.051,55.599,76.325,51.103,56.911,83.179,55.008,62.5,99.26